89 0.0000000000
89 0.0000000000
89 0.0000000000
89 0.0000000000
89 0.0000000000
89 0.0000000000
89 0.0000000000
90 0.0001847746
90 0.0000000000
91 0.0004124302
91 0.0003365450
92 0.0000000000
92 0.0000000000
89 0.0000000000
89 0.0000000000
90 0.0001847746
90 0.0000000000
91 0.0002749535
91 0.0004124302
92 0.0000000000
92 0.0000000000
93 0.0000000000
93 0.0000000000
94 0.0000000000
94 0.0000000000
95 0.0000000000
95 0.0045349181
96 0.0000000000
96 0.0000000000
98 0.0000000000
98 0.0000000000
99 0.0018989981
99 0.0075692742
100 0.0007390983
100 0.0000000000
101 0.0056302776
101 0.0000000000
102 0.0020407131
102 0.0022597560
103 0.0006186453
103 0.0000000000
104 0.0000000000
104 0.0000000000
105 0.0000000000
105 0.0000000000
106 0.0000000000
106 0.0095209038
107 0.0000000000
107 0.0000000000
108 0.0000000000
108 0.0000000000
109 0.0000000000
109 0.0052348209
110 0.0000000000
110 0.0000000000
111 0.0000000000
111 0.0000000000
112 0.0001847746
112 0.0000000000
113 0.0000000000
113 0.0043194950
114 0.0000000000
114 0.0000000000
115 0.0000000000
115 0.0000000000
116 0.0000000000
116 0.0013604754
117 0.0000000000
117 0.0003374429
118 0.0003325942
118 0.0000000000

89 0.0000000000
89 0.0000000000
90 0.0001847746
90 0.0000000000
91 0.0003365450
91 0.0007088846
92 0.0000000000
92 0.0000000000
93 0.0000000000
93 0.0001847746
94 0.0000000000
94 0.0000000000
95 0.0000000000
95 0.0045349181
96 0.0000000000
96 0.0000000000
98 0.0000000000
98 0.0000000000
99 0.0018301993
99 0.0005543237
100 0.0007390983
100 0.0000000000
101 0.0056302776
101 0.0022674590
102 0.0020407131
102 0.0000000000
103 0.0006186453
103 0.0000000000
104 0.0000000000
104 0.0000000000
105 0.0000000000
105 0.0000000000
106 0.0000000000
106 0.0055798834
107 0.0000000000
107 0.0000000000
108 0.0000000000
108 0.0024745811
109 0.0000000000
109 0.0035101344
110 0.0000000000
110 0.0000000000
111 0.0000000000
111 0.0000000000
112 0.0001847746
112 0.0000000000
113 0.0000000000
113 0.0035016579
114 0.0000000000
114 0.0000000000
115 0.0000000000
115 0.0000000000
116 0.0000000000
116 0.0000000000
117 0.0000000000
117 0.0001511792
118 0.0003325942
118 0.0000000000



89 0.0000000000
89 0.0000000000
89 0.0000000000
90 0.0020702672
90 0.0001847746
90 0.0000000000
91 0.0017539964
91 0.0004124302
91 0.0009305230
92 0.0000000000
92 0.0000000000
92 0.0000000000
93 0.0017411828
93 0.0000000000
93 0.0017411828
94 0.0001847746
94 0.0000000000
94 0.0000000000
95 0.0075325200
95 0.0000000000
95 0.0028355383
96 0.0014177692
96 0.0000000000
96 0.0000000000
98 0.0000000000
98 0.0000000000
98 0.0000000000
99 0.0083214678
99 0.0014177692
99 0.0034011885
100 0.0000000000
100 0.0007390983
100 0.0000000000
101 0.0017466660
101 0.0056302776
101 0.0008248604
102 0.0000000000
102 0.0020407131
102 0.0000000000
103 0.0005316634
103 0.0006186453
103 0.0000000000
104 0.0000000000
104 0.0000000000
104 0.0000000000
105 0.0000000000
105 0.0000000000
105 0.0000000000
106 0.0111188209
106 0.0000000000
106 0.0031899806
107 0.0000000000
107 0.0000000000
107 0.0000000000
108 0.0042533075
108 0.0000000000
108 0.0000000000
109 0.0049366048
109 0.0000000000
109 0.0012152307
110 0.0000000000
110 0.0000000000
110 0.0000000000
111 0.0000000000
111 0.0000000000
111 0.0000000000
112 0.0000000000
112 0.0000923873
112 0.0007088846
113 0.0034639725
113 0.0000000000
113 0.0017005943
114 0.0000000000
114 0.0000000000
114 0.0000000000
115 0.0000000000
115 0.0000000000
115 0.0000000000
116 0.0013604754
116 0.0000000000
116 0.0000000000
117 0.0010271618
117 0.0000000000
117 0.0012238798
118 0.0000000000
118 0.0003325942
118 0.0000000000

89 0.0000000000
89 0.0000000000
89 0.0000000000
89 0.0000000000
90 0.0017411828
90 0.0000000000
90 0.0001847746
90 0.0000000000
91 0.0020795973
91 0.0001847746
91 0.0002749535
91 0.0001847746
92 0.0000000000
92 0.0000000000
92 0.0000000000
92 0.0000000000
93 0.0017411828
93 0.0001847746
93 0.0000000000
93 0.0001847746
94 0.0003695492
94 0.0000000000
94 0.0000000000
94 0.0000000000
95 0.0075325200
95 0.0007390983
95 0.0000000000
95 0.0007390983
96 0.0014177692
96 0.0000000000
96 0.0000000000
96 0.0000000000
98 0.0000000000
98 0.0000000000
98 0.0000000000
98 0.0000000000
99 0.0083683054
99 0.0040117620
99 0.0018301993
99 0.0040990678
100 0.0000000000
100 0.0000000000
100 0.0007390983
100 0.0000000000
101 0.0017466660
101 0.0000000000
101 0.0056302776
101 0.0000000000
102 0.0000000000
102 0.0000000000
102 0.0020407131
102 0.0000000000
103 0.0005316634
103 0.0014123475
103 0.0006186453
103 0.0014123475
104 0.0000000000
104 0.0001847746
104 0.0000000000
104 0.0001847746
105 0.0000000000
105 0.0000000000
105 0.0000000000
105 0.0000000000
106 0.0111188209
106 0.0018559358
106 0.0000000000
106 0.0018559358
107 0.0000000000
107 0.0000000000
107 0.0000000000
107 0.0000000000
108 0.0042533075
108 0.0024745811
108 0.0000000000
108 0.0024745811
109 0.0049366048
109 0.0045052042
109 0.0000000000
109 0.0045052042
110 0.0000000000
110 0.0000000000
110 0.0000000000
110 0.0000000000
111 0.0000000000
111 0.0000000000
111 0.0000000000
111 0.0000000000
112 0.0000000000
112 0.0000000000
112 0.0001847746
112 0.0000000000
113 0.0034639725
113 0.0010633269
113 0.0000000000
113 0.0010633269
114 0.0000000000
114 0.0000000000
114 0.0000000000
114 0.0000000000
115 0.0000000000
115 0.0000000000
115 0.0000000000
115 0.0000000000
116 0.0013604754
116 0.0000000000
116 0.0000000000
116 0.0000000000
117 0.0014786548
117 0.0005179086
117 0.0000000000
117 0.0004991453
118 0.0000000000
118 0.0000000000
118 0.0003325942
118 0.0000000000


89 0.0000000000
89 0.0000000000
89 0.0000000000
89 0.0000000000
90 0.0017411828
90 0.0004124302
90 0.0001847746
90 0.0004124302
91 0.0024032775
91 0.0001847746
91 0.0010578443
91 0.0001847746
92 0.0000000000
92 0.0000000000
92 0.0000000000
92 0.0000000000
93 0.0017411828
93 0.0001847746
93 0.0026037005
93 0.0002771619
94 0.0003695492
94 0.0000000000
94 0.0000000000
94 0.0000000000
95 0.0075325200
95 0.0016497207
95 0.0028355383
95 0.0016497207
96 0.0014177692
96 0.0000000000
96 0.0005543237
96 0.0000000000
98 0.0000000000
98 0.0000000000
98 0.0000000000
98 0.0000000000
99 0.0080779127
89 0.0000000000
89 0.0000000000
89 0.0000000000
89 0.0000000000
90 0.0018767503
90 0.0004124302
90 0.0001847746
90 0.0004124302
91 0.0021906007
91 0.0006472931
91 0.0009305230
91 0.0006329994
92 0.0000000000
92 0.0000000000
92 0.0000000000
92 0.0000000000
93 0.0017411828
93 0.0028151388
93 0.0000000000
93 0.0028151388
94 0.0003695492
94 0.0000000000
94 0.0000000000
94 0.0000000000
95 0.0075325200
95 0.0045349181
95 0.0000000000
95 0.0045349181
96 0.0014177692
96 0.0000000000
96 0.0037662600
96 0.0000000000
98 0.0000000000
98 0.0000000000
98 0.0000000000
98 0.0000000000
99 0.0084619804
99 0.0077433850
99 0.0026310160
99 0.0080244102
100 0.0000000000
100 0.0000000000
100 0.0031441090
100 0.0000000000
101 0.0017466660
101 0.0000000000
101 0.0018094546
101 0.0000000000
102 0.0000000000
102 0.0000000000
102 0.0000000000
102 0.0000000000
103 0.0005316634
103 0.0003093226
103 0.0000000000
103 0.0003093226
104 0.0000000000
104 0.0000000000
104 0.0000000000
104 0.0000000000
105 0.0000000000
105 0.0000000000
105 0.0012372905
105 0.0000000000
106 0.0111188209
106 0.0084740850
106 0.0021266537
106 0.0084740850
107 0.0000000000
107 0.0000000000
107 0.0021266537
107 0.0000000000
108 0.0042533075
108 0.0000000000
108 0.0000000000
108 0.0000000000
109 0.0049366048
109 0.0038481732
109 0.0032282228
109 0.0038481732
110 0.0000000000
110 0.0000000000
110 0.0000000000
110 0.0000000000
111 0.0000000000
111 0.0000000000
111 0.0000000000
111 0.0000000000
112 0.0000000000
112 0.0004124302
112 0.0001847746
112 0.0004124302
113 0.0034639725
113 0.0040687558
113 0.0084740850
113 0.0040687558
114 0.0000000000
114 0.0000000000
114 0.0000000000
114 0.0000000000
115 0.0000000000
115 0.0000000000
115 0.0000000000
115 0.0000000000
116 0.0013604754
116 0.0000000000
116 0.0000000000
116 0.0000000000
117 0.0010775549
117 0.0002870498
117 0.0000000000
117 0.0002753550
118 0.0000000000
118 0.0000000000
118 0.0000000000
118 0.0000000000
89 0.0000000000
89 0.0000000000
89 0.0000000000
89 0.0000000000
90 0.0020409110
90 0.0029624402
90 0.0002771619
90 0.0029624402
91 0.0019616800
91 0.0004124302
91 0.0004427896
91 0.0003365450
92 0.0000000000
92 0.0000000000
92 0.0000000000
92 0.0000000000
93 0.0017411828
93 0.0018831300
93 0.0018831300
93 0.0018831300
94 0.0003695492
94 0.0000000000
94 0.0000000000
94 0.0000000000
95 0.0075325200
95 0.0028355383
95 0.0000000000
95 0.0028355383
96 0.0014177692
96 0.0000000000
96 0.0000000000
96 0.0000000000
98 0.0000000000
98 0.0000000000
98 0.0000000000
98 0.0000000000
99 0.0084807154
99 0.0036326165
99 0.0024564045
99 0.0036326165
100 0.0000000000
100 0.0000000000
100 0.0007390983
100 0.0000000000
101 0.0017466660
101 0.0003695492
101 0.0022674590
101 0.0003695492
102 0.0000000000
102 0.0000000000
102 0.0000000000
102 0.0000000000
103 0.0005316634
103 0.0001385809
103 0.0000000000
103 0.0001385809
104 0.0000000000
104 0.0000000000
104 0.0000000000
104 0.0000000000
105 0.0000000000
105 0.0021266537
105 0.0015949903
105 0.0021266537
106 0.0111188209
106 0.0041564510
106 0.0012372905
106 0.0041564510
107 0.0000000000
107 0.0000000000
107 0.0000000000
107 0.0000000000
108 0.0042533075
108 0.0137922254
108 0.0142068193
108 0.0137922254
109 0.0049366048
109 0.0025634867
109 0.0032282228
109 0.0025634867
110 0.0000000000
110 0.0000000000
110 0.0000000000
110 0.0000000000
111 0.0000000000
111 0.0000000000
111 0.0000000000
111 0.0000000000
112 0.0000000000
112 0.0004124302
112 0.0000000000
112 0.0004124302
113 0.0034639725
113 0.0002771619
113 0.0084740850
113 0.0002771619
114 0.0000000000
114 0.0000000000
114 0.0000000000
114 0.0000000000
115 0.0000000000
115 0.0000000000
115 0.0000000000
115 0.0000000000
116 0.0013604754
116 0.0000000000
116 0.0020407131
116 0.0000000000
117 0.0013627880
117 0.0002753550
117 0.0008156549
117 0.0002870498
118 0.0000000000
118 0.0000000000
118 0.0008506615
118 0.0000000000
89 0.0000000000
89 0.0000000000
89 0.0000000000
89 0.0000000000
90 0.0020702672
90 0.0013425937
90 0.0002771619
90 0.0014067890
91 0.0023843720
91 0.0008317049
91 0.0003554838
91 0.0011337295
92 0.0000000000
92 0.0000000000
92 0.0000000000
92 0.0000000000
93 0.0017411828
93 0.0007088846
93 0.0018831300
93 0.0007088846
94 0.0003695492
94 0.0000000000
94 0.0000000000
94 0.0000000000
95 0.0075325200
95 0.0075325200
95 0.0000000000
95 0.0075325200
96 0.0014177692
96 0.0000000000
96 0.0000000000
96 0.0000000000
97 0.0000000000
97 0.0000000000
97 0.0000000000
97 0.0000000000
98 0.0000000000
98 0.0000000000
98 0.0000000000
98 0.0000000000
99 0.0084619804
99 0.0068451910
99 0.0022439821
99 0.0064851803
100 0.0000000000
100 0.0000000000
100 0.0007390983
100 0.0000000000
101 0.0017466660
101 0.0037662600
101 0.0022674590
101 0.0037662600
102 0.0000000000
102 0.0000000000
102 0.0000000000
102 0.0000000000
103 0.0005316634
103 0.0005316634
103 0.0000000000
103 0.0005316634
104 0.0000000000
104 0.0000000000
104 0.0000000000
104 0.0000000000
105 0.0000000000
105 0.0056493900
105 0.0015949903
105 0.0056493900
106 0.0111188209
106 0.0041564510
106 0.0012372905
106 0.0041564510
107 0.0000000000
107 0.0000000000
107 0.0000000000
107 0.0000000000
108 0.0042533075
108 0.0000000000
108 0.0142068193
108 0.0000000000
109 0.0049366048
109 0.0048259522
109 0.0032282228
109 0.0048259522
110 0.0000000000
110 0.0000000000
110 0.0000000000
110 0.0000000000
111 0.0000000000
111 0.0000000000
111 0.0000000000
111 0.0000000000
112 0.0000000000
112 0.0019602727
112 0.0000000000
112 0.0019602727
113 0.0034639725
113 0.0057498593
113 0.0084740850
113 0.0057498593
114 0.0000000000
114 0.0000000000
114 0.0000000000
114 0.0000000000
115 0.0000000000
115 0.0000000000
115 0.0000000000
115 0.0000000000
116 0.0013604754
116 0.0000000000
116 0.0020407131
116 0.0000000000
117 0.0011934217
117 0.0001007861
117 0.0008156549
117 0.0001511792
118 0.0000000000
118 0.0000000000
118 0.0008506615
118 0.0000000000
89 0.0000000000
89 0.0000000000
89 0.0000000000
89 0.0000000000
90 0.0021764785
90 0.0011337295
90 0.0017005943
90 0.0011337295
91 0.0023261682
91 0.0011337295
91 0.0000000000
91 0.0009305230
92 0.0000000000
92 0.0000000000
92 0.0000000000
92 0.0000000000
93 0.0017411828
93 0.0017411828
93 0.0000000000
93 0.0017411828
94 0.0003695492
94 0.0000000000
94 0.0000000000
94 0.0000000000
95 0.0075325200
95 0.0007390983
95 0.0000000000
95 0.0007390983
96 0.0014177692
96 0.0000000000
96 0.0005543237
96 0.0000000000
97 0.0000000000
97 0.0000000000
97 0.0000000000
97 0.0000000000
98 0.0000000000
98 0.0000000000
98 0.0000000000
98 0.0000000000
99 0.0084619804
99 0.0079454924
99 0.0021834702
99 0.0079454924
100 0.0000000000
100 0.0000000000
100 0.0007390983
100 0.0000000000
101 0.0017466660
101 0.0044895355
101 0.0000000000
101 0.0044895355
102 0.0000000000
102 0.0000000000
102 0.0000000000
102 0.0000000000
103 0.0005316634
103 0.0001385809
103 0.0000000000
103 0.0001385809
104 0.0000000000
104 0.0000000000
104 0.0000000000
104 0.0000000000
105 0.0000000000
105 0.0025508914
105 0.0000000000
105 0.0025508914
106 0.0111188209
106 0.0031899806
106 0.0000000000
106 0.0031899806
107 0.0000000000
107 0.0000000000
107 0.0000000000
107 0.0000000000
108 0.0042533075
108 0.0000000000
108 0.0000000000
108 0.0000000000
109 0.0049366048
109 0.0019458336
109 0.0000000000
109 0.0019458336
110 0.0000000000
110 0.0000000000
110 0.0000000000
110 0.0000000000
111 0.0000000000
111 0.0000000000
111 0.0000000000
111 0.0000000000
112 0.0000000000
112 0.0007088846
112 0.0000000000
112 0.0007088846
113 0.0034639725
113 0.0027085951
113 0.0000000000
113 0.0027085951
114 0.0000000000
114 0.0000000000
114 0.0000000000
114 0.0000000000
115 0.0000000000
115 0.0000000000
115 0.0000000000
115 0.0000000000
116 0.0013604754
116 0.0000000000
116 0.0000000000
116 0.0000000000
117 0.0013363608
117 0.0004675155
117 0.0006183979
117 0.0005179086
118 0.0000000000
118 0.0000000000
118 0.0000000000
118 0.0000000000
89 0.0000000000
89 0.0000000000
89 0.0000000000
89 0.0000000000
90 0.0018473940
90 0.0004124302
90 0.0002771619
90 0.0005048175
91 0.0021032950
91 0.0003365450
91 0.0004427896
91 0.0004124302
92 0.0000000000
92 0.0000000000
92 0.0000000000
92 0.0000000000
93 0.0017411828
93 0.0022447677
93 0.0018831300
93 0.0022447677
94 0.0003695492
94 0.0000000000
94 0.0000000000
94 0.0000000000
95 0.0075325200
95 0.0028355383
95 0.0000000000
95 0.0028355383
96 0.0014177692
96 0.0003695492
96 0.0000000000
96 0.0003695492
97 0.0000000000
97 0.0000000000
97 0.0000000000
97 0.0000000000
98 0.0000000000
98 0.0000000000
98 0.0000000000
98 0.0000000000
99 0.0082621403
99 0.0064747324
99 0.0021221391
99 0.0064087744
100 0.0000000000
100 0.0000000000
100 0.0007390983
100 0.0000000000
101 0.0017466660
101 0.0022674590
101 0.0022674590
101 0.0022674590
102 0.0000000000
102 0.0000000000
102 0.0000000000
102 0.0000000000
103 0.0005316634
103 0.0001385809
103 0.0000000000
103 0.0001385809
104 0.0000000000
104 0.0000000000
104 0.0000000000
104 0.0000000000
105 0.0000000000
105 0.0014289354
105 0.0015949903
105 0.0014289354
106 0.0111188209
106 0.0084740850
106 0.0012372905
106 0.0084740850
107 0.0000000000
107 0.0000000000
107 0.0000000000
107 0.0000000000
108 0.0042533075
108 0.0000000000
108 0.0142068193
108 0.0000000000
109 0.0049366048
109 0.0045402814
109 0.0032282228
109 0.0045402814
110 0.0000000000
110 0.0000000000
110 0.0000000000
110 0.0000000000
111 0.0000000000
111 0.0000000000
111 0.0000000000
111 0.0000000000
112 0.0000000000
112 0.0007860272
112 0.0000000000
112 0.0007860272
113 0.0034639725
113 0.0033671516
113 0.0084740850
113 0.0033671516
114 0.0000000000
114 0.0000000000
114 0.0000000000
114 0.0000000000
115 0.0000000000
115 0.0000000000
115 0.0000000000
115 0.0000000000
116 0.0013604754
116 0.0000000000
116 0.0020407131
116 0.0000000000
117 0.0010271618
117 0.0008772038
117 0.0008156549
117 0.0007613370
118 0.0000000000
118 0.0000000000
118 0.0008506615
118 0.0000000000
89 0.0000000000
89 0.0000000000
89 0.0000000000
89 0.0000000000
90 0.0018509721
89 0.0000000000
89 0.0000000000
89 0.0000000000
89 0.0000000000
90 0.0017415708
90 0.0027689629
90 0.0002771619
90 0.0027689629
91 0.0015927978
91 0.0004124302
91 0.0003554838
91 0.0004124302
92 0.0000000000
92 0.0000000000
92 0.0000000000
92 0.0000000000
93 0.0017344828
93 0.0007088846
93 0.0018831300
93 0.0007088846
94 0.0007930715
94 0.0000000000
94 0.0000000000
94 0.0000000000
95 0.0049828539
95 0.0016497207
95 0.0000000000
95 0.0016497207
96 0.0015379496
96 0.0000000000
96 0.0000000000
96 0.0000000000
97 0.0000000000
97 0.0000000000
97 0.0000000000
97 0.0000000000
98 0.0000000000
98 0.0000000000
98 0.0000000000
98 0.0000000000
99 0.0065839674
99 0.0034580050
99 0.0024185935
99 0.0026836616
100 0.0000000000
100 0.0000000000
100 0.0007390983
100 0.0000000000
101 0.0020437429
101 0.0000000000
101 0.0022674590
101 0.0000000000
102 0.0000570939
102 0.0000000000
102 0.0000000000
102 0.0000000000
103 0.0004939431
103 0.0014123475
103 0.0000000000
103 0.0014123475
104 0.0000000000
104 0.0000000000
104 0.0000000000
104 0.0000000000
105 0.0005701741
105 0.0005543237
105 0.0015949903
105 0.0005543237
106 0.0077539291
106 0.0037921179
106 0.0012372905
106 0.0037921179
107 0.0000000000
107 0.0000000000
107 0.0000000000
107 0.0000000000
108 0.0047600761
108 0.0000000000
108 0.0142068193
108 0.0000000000
109 0.0037345596
109 0.0048813800
109 0.0032282228
109 0.0048813800
110 0.0000000000
110 0.0000000000
110 0.0000000000
110 0.0000000000
111 0.0000000000
111 0.0000000000
111 0.0000000000
111 0.0000000000
112 0.0002963454
112 0.0012108722
112 0.0000000000
112 0.0012981779
113 0.0027891968
113 0.0010633269
113 0.0084740850
113 0.0010633269
114 0.0000000000
114 0.0000000000
114 0.0000000000
114 0.0000000000
115 0.0000000000
115 0.0000000000
115 0.0000000000
115 0.0000000000
116 0.0013163703
116 0.0000000000
116 0.0020407131
116 0.0000000000
117 0.0009862776
117 0.0001007861
117 0.0008156549
117 0.0001511792
118 0.0000000000
118 0.0000000000
118 0.0008506615
118 0.0000000000
89 0.0000000000
89 0.0000000000
89 0.0000000000
89 0.0000000000
90 0.0018469895
90 0.0019758530
90 0.0008519222
90 0.0026347011
91 0.0013710737
91 0.0007908084
91 0.0007908084
91 0.0009162293
92 0.0000000000
92 0.0000000000
92 0.0000000000
92 0.0000000000
93 0.0017344828
93 0.0012342939
93 0.0021812540
93 0.0012981779
94 0.0007340410
94 0.0009536202
94 0.0003185960
94 0.0005972048
95 0.0049828539
95 0.0009056196
95 0.0000000000
95 0.0000000000
96 0.0015379496
96 0.0024914269
96 0.0016477043
96 0.0037662600
97 0.0000000000
97 0.0000000000
97 0.0000000000
97 0.0000000000
98 0.0000000000
98 0.0000000000
98 0.0006792147
98 0.0000000000
99 0.0064390940
99 0.0054685129
99 0.0037607789
99 0.0068961127
100 0.0000000000
100 0.0000000000
100 0.0029526053
100 0.0000000000
101 0.0020437429
101 0.0010207271
101 0.0000000000
101 0.0008248604
102 0.0000570939
102 0.0005772095
102 0.0000000000
102 0.0006802377
103 0.0004939431
103 0.0000752006
103 0.0011648548
103 0.0000000000
104 0.0000000000
104 0.0000000000
104 0.0000475783
104 0.0000000000
105 0.0005701741
105 0.0008922054
105 0.0011116750
105 0.0004157428
106 0.0077539291
106 0.0017844109
106 0.0023874609
106 0.0008314856
107 0.0000000000
107 0.0000000000
107 0.0000000000
107 0.0000000000
108 0.0047600761
108 0.0000000000
108 0.0004778940
108 0.0000000000
109 0.0037345596
109 0.0021159324
109 0.0000000000
109 0.0022254479
110 0.0000000000
110 0.0000000000
110 0.0000000000
110 0.0000000000
111 0.0000000000
111 0.0000000000
111 0.0000000000
111 0.0000000000
112 0.0003258607
112 0.0009165309
112 0.0011292089
112 0.0011337295
113 0.0027891968
113 0.0041851971
113 0.0018177384
113 0.0051870075
114 0.0000000000
114 0.0000000000
114 0.0000000000
114 0.0000000000
115 0.0000000000
115 0.0000000000
115 0.0000000000
115 0.0000000000
116 0.0013163703
116 0.0007903089
116 0.0007137644
116 0.0008506615
117 0.0009619594
117 0.0004460562
117 0.0002802247
117 0.0005179086
118 0.0000000000
118 0.0000000000
118 0.0003649782
118 0.0000000000
89 0.0000000000
89 0.0000000000
89 0.0000000000
89 0.0000000000
90 0.0018437802
90 0.0003753149
90 0.0006585908
90 0.0000000000
91 0.0014957162
91 0.0008710132
91 0.0001592980
91 0.0008317049
92 0.0000000000
92 0.0000000000
92 0.0000000000
92 0.0000000000
93 0.0017344828
93 0.0019927744
93 0.0000000000
93 0.0028151388
94 0.0007930715
94 0.0000000000
94 0.0007930715
94 0.0000000000
95 0.0049828539
95 0.0034840529
95 0.0000000000
95 0.0045349181
96 0.0015379496
96 0.0008710132
96 0.0000951565
96 0.0011337295
97 0.0000000000
97 0.0000000000
97 0.0000000000
97 0.0000000000
98 0.0000000000
98 0.0000000000
98 0.0031330194
98 0.0000000000
99 0.0063205527
99 0.0026074909
99 0.0009444893
99 0.0021266537
100 0.0000000000
100 0.0000000000
100 0.0066948106
100 0.0000000000
101 0.0020437429
101 0.0004528098
101 0.0019111435
101 0.0000000000
102 0.0000570939
102 0.0003951545
102 0.0000000000
102 0.0004253307
103 0.0004939431
103 0.0000752006
103 0.0007467963
103 0.0000000000
104 0.0000000000
104 0.0000000000
104 0.0000475783
104 0.0000000000
105 0.0005701741
105 0.0039609157
105 0.0009123230
105 0.0049616421
106 0.0077539291
106 0.0026102614
106 0.0001427348
106 0.0008314856
107 0.0000000000
107 0.0000000000
107 0.0021913463
107 0.0000000000
108 0.0047600761
108 0.0039515446
108 0.0027563599
108 0.0042533075
109 0.0037345596
109 0.0018596842
109 0.0016545016
109 0.0012152307
110 0.0000000000
110 0.0000000000
110 0.0001303347
110 0.0000000000
111 0.0000000000
111 0.0000000000
111 0.0000000000
111 0.0000000000
112 0.0002700008
112 0.0003041485
112 0.0008710132
112 0.0000000000
113 0.0027891968
113 0.0021138165
113 0.0000000000
113 0.0023755321
114 0.0000000000
114 0.0000000000
114 0.0000000000
114 0.0000000000
115 0.0000000000
115 0.0000000000
115 0.0000000000
115 0.0000000000
116 0.0013163703
116 0.0000000000
116 0.0009186544
116 0.0000000000
117 0.0009696013
117 0.0002665701
117 0.0002162922
117 0.0001007861
118 0.0000000000
118 0.0000000000
118 0.0000570939
118 0.0000000000
89 0.0000000000
89 0.0000000000
89 0.0000000000
89 0.0000000000
90 0.0018914349
90 0.0011204661
90 0.0006585908
90 0.0010705223
91 0.0015397125
89 0.0000000000
89 0.0000000000
89 0.0000000000
89 0.0000000000
90 0.0019734688
90 0.0010199232
90 0.0006585908
90 0.0010199232
91 0.0014435686
91 0.0004844490
91 0.0001434386
91 0.0004683178
92 0.0000000000
92 0.0000000000
92 0.0000000000
92 0.0000000000
93 0.0017344828
93 0.0001002675
93 0.0000000000
93 0.0001002675
94 0.0006669341
94 0.0022622656
94 0.0006783864
94 0.0020367171
95 0.0049828539
95 0.0020414542
95 0.0000000000
95 0.0020414542
96 0.0015379496
96 0.0001002675
96 0.0000951565
96 0.0001002675
97 0.0000000000
97 0.0000000000
97 0.0000000000
97 0.0000000000
98 0.0000000000
98 0.0000000000
98 0.0031330194
98 0.0000000000
99 0.0062248866
99 0.0053999769
99 0.0009857263
99 0.0046556432
100 0.0000000000
100 0.0000000000
100 0.0066948106
100 0.0000000000
101 0.0020437429
101 0.0002901531
101 0.0019111435
101 0.0002901531
102 0.0000570939
102 0.0000000000
102 0.0000000000
102 0.0000000000
103 0.0004939431
103 0.0002281114
103 0.0007467963
103 0.0002281114
104 0.0000000000
104 0.0000000000
104 0.0000475783
104 0.0000000000
105 0.0005701741
105 0.0022315127
105 0.0009123230
105 0.0021824032
106 0.0077539291
106 0.0038951129
106 0.0001427348
106 0.0038951129
107 0.0000000000
107 0.0000000000
107 0.0021913463
107 0.0000000000
108 0.0047600761
108 0.0052260794
108 0.0028232343
108 0.0052260794
109 0.0037345596
109 0.0025034017
109 0.0016545016
109 0.0025034017
110 0.0000000000
110 0.0000000000
110 0.0001303347
110 0.0000000000
111 0.0000000000
111 0.0000000000
111 0.0000000000
111 0.0000000000
112 0.0002343768
112 0.0006414312
112 0.0008710132
112 0.0004652641
113 0.0027891968
113 0.0007073172
113 0.0000000000
113 0.0007073172
114 0.0000000000
114 0.0000000000
114 0.0000000000
114 0.0000000000
115 0.0000000000
115 0.0000634377
115 0.0000000000
115 0.0000317188
116 0.0013163703
116 0.0000000000
116 0.0009186544
116 0.0000000000
117 0.0009860859
117 0.0006001854
117 0.0002162922
117 0.0005499187
118 0.0000000000
118 0.0000000000
118 0.0000570939
118 0.0000000000
89 0.0000000000
89 0.0000000000
89 0.0000000000
89 0.0000000000
90 0.0019542460
90 0.0000000000
90 0.0000000000
90 0.0000000000
91 0.0013914808
91 0.0012077709
91 0.0000000000
91 0.0010997235
92 0.0000000000
92 0.0000000000
92 0.0000752006
92 0.0000000000
93 0.0017344828
93 0.0010621980
93 0.0000000000
93 0.0010621980
94 0.0005479535
94 0.0000000000
94 0.0000000000
94 0.0000000000
95 0.0049828539
95 0.0026343630
95 0.0000000000
95 0.0026343630
96 0.0015379496
96 0.0007930715
96 0.0000000000
96 0.0007930715
97 0.0000000000
97 0.0000000000
97 0.0000000000
97 0.0000000000
98 0.0000000000
98 0.0000000000
98 0.0000000000
98 0.0000000000
99 0.0061861690
99 0.0027726894
99 0.0043473937
99 0.0027981877
100 0.0000000000
100 0.0000000000
100 0.0042144087
100 0.0000000000
101 0.0020437429
101 0.0023041394
101 0.0000000000
101 0.0023041394
102 0.0000570939
102 0.0011275767
102 0.0000000000
102 0.0011275767
103 0.0004939431
103 0.0003827727
103 0.0000000000
103 0.0003827727
104 0.0000000000
104 0.0008595664
104 0.0001592980
104 0.0010241222
105 0.0005701741
105 0.0001070511
105 0.0011896073
105 0.0001070511
106 0.0077539291
106 0.0034025975
106 0.0000000000
106 0.0034025975
107 0.0000000000
107 0.0001427348
107 0.0000000000
107 0.0001427348
108 0.0047600761
108 0.0006016052
108 0.0005225713
108 0.0006016052
109 0.0037345596
109 0.0012028248
109 0.0000000000
109 0.0012028248
110 0.0000000000
110 0.0000000000
110 0.0000000000
110 0.0000000000
111 0.0000000000
111 0.0000000000
111 0.0000000000
111 0.0000000000
112 0.0003258607
112 0.0003041485
112 0.0019357837
112 0.0003041485
113 0.0027891968
113 0.0009235768
113 0.0000000000
113 0.0009235768
114 0.0000000000
114 0.0000000000
114 0.0000000000
114 0.0000000000
115 0.0000000000
115 0.0000000000
115 0.0000000000
115 0.0000000000
116 0.0013163703
116 0.0011854634
116 0.0006124363
116 0.0011854634
117 0.0010310195
117 0.0004490027
117 0.0000000000
117 0.0005075692
118 0.0000000000
118 0.0000000000
118 0.0000000000
118 0.0000000000
89 0.0000000000
89 0.0000000000
89 0.0000000000
89 0.0000000000
90 0.0018225710
90 0.0021929398
90 0.0009125716
90 0.0022354696
91 0.0015832417
91 0.0005712391
91 0.0008071561
91 0.0005851119
92 0.0000000000
92 0.0000000000
92 0.0000000000
92 0.0000000000
93 0.0017344828
93 0.0012457135
93 0.0021812540
93 0.0012457135
94 0.0007259646
94 0.0000000000
94 0.0003185960
94 0.0000000000
95 0.0049828539
95 0.0020414542
95 0.0000000000
95 0.0020414542
96 0.0015379496
96 0.0003185960
96 0.0014771082
96 0.0003185960
97 0.0000000000
97 0.0000000000
97 0.0000000000
97 0.0000000000
98 0.0000000000
98 0.0000000000
98 0.0006792147
98 0.0000000000
99 0.0060769651
99 0.0034430257
99 0.0038975292
99 0.0031665145
100 0.0000000000
100 0.0000000000
100 0.0029526053
100 0.0000000000
101 0.0020437429
101 0.0022409323
101 0.0000000000
101 0.0022409323
102 0.0000570939
102 0.0002379215
102 0.0000000000
102 0.0002379215
103 0.0004939431
103 0.0002281114
103 0.0011157194
103 0.0002281114
104 0.0000000000
104 0.0000000000
104 0.0000475783
104 0.0000000000
105 0.0005701741
105 0.0028116087
105 0.0011116750
105 0.0028116087
106 0.0077539291
106 0.0039408579
106 0.0023874609
106 0.0039408579
107 0.0000000000
107 0.0000000000
107 0.0000000000
107 0.0000000000
108 0.0047600761
108 0.0000000000
108 0.0004778940
108 0.0000000000
109 0.0037345596
109 0.0022849519
109 0.0000000000
109 0.0022849519
110 0.0000000000
110 0.0000000000
110 0.0000000000
110 0.0000000000
111 0.0000000000
111 0.0000000000
111 0.0000000000
111 0.0000000000
112 0.0003258607
112 0.0005312910
112 0.0011960466
112 0.0005312910
113 0.0027891968
113 0.0004562227
113 0.0018177384
113 0.0004562227
114 0.0000000000
114 0.0000000000
114 0.0000000000
114 0.0000000000
115 0.0000000000
115 0.0000000000
115 0.0000000000
115 0.0000000000
116 0.0013163703
116 0.0010452159
116 0.0007137644
116 0.0010452159
117 0.0010142062
117 0.0012214619
117 0.0002802247
117 0.0013209910
118 0.0000000000
118 0.0000000000
118 0.0003649782
118 0.0000000000
89 0.0000000000
89 0.0000000000
89 0.0000000000
89 0.0000000000
90 0.0018053527
90 0.0014557964
90 0.0009058774
90 0.0014557964
91 0.0015677245
91 0.0005832672
91 0.0007984435
89 0.0000000000
89 0.0000000000
89 0.0000000000
89 0.0000000000
90 0.0019729484
90 0.0017900105
90 0.0009283210
89 0.0000000000
89 0.0000000000
89 0.0000000000
89 0.0000000000
90 0.0016986996
90 0.0008691636
90 0.0009156261
89 0.0000000000
89 0.0000000000
89 0.0000000000
89 0.0000000000
90 0.0019346998
90 0.0004239100
90 0.0009605135
90 0.0011961717
89 0.0000000000
89 0.0000000000
89 0.0000000000
89 0.0000000000
90 0.0017411828
90 0.0016662827
90 0.0009028228
90 0.0034067904
89 0.0000000000
89 0.0000000000
89 0.0000000000
89 0.0000000000
90 0.0021953840
90 0.0015355333
90 0.0008519222
90 0.0009606387
89 0.0000000000
89 0.0000000000
89 0.0000000000
89 0.0000000000
90 0.0021471222
90 0.0022765880
90 0.0008803791
90 0.0013099995
90 0.0042112805
90 0.0014953672
90 0.0000000000
90 0.0022496627
91 0.0021323969
91 0.0006047887
91 0.0008143029
91 0.0000000000
91 0.0000000000
91 0.0000000000
91 0.0000000000
91 0.0005701756
92 0.0000000000
92 0.0000000000
92 0.0000000000
92 0.0000000000
93 0.0017411828
93 0.0018304966
93 0.0021812540
93 0.0018831300
93 0.0028246950
93 0.0018304966
94 0.0003695492
94 0.0011867487
94 0.0003185960
94 0.0000000000
89 0.0000000000
89 0.0000000000
89 0.0000000000
89 0.0000000000
89 0.0000000000
89 0.0000000000
90 0.0020891727
90 0.0007088846
90 0.0002771619
90 0.0007088846
91 0.0021356261
91 0.0005714079
91 0.0001847746
91 0.0006329994
92 0.0000000000
92 0.0000000000
92 0.0000000000
92 0.0000000000
93 0.0017411828
93 0.0011337295
93 0.0000000000
93 0.0011337295
94 0.0003695492
94 0.0000000000
94 0.0000000000
94 0.0000000000
95 0.0075325200
95 0.0007390983
95 0.0000000000
95 0.0007390983
96 0.0014177692
96 0.0000000000
96 0.0000000000
96 0.0000000000
97 0.0000000000
97 0.0000000000
97 0.0000000000
97 0.0000000000
98 0.0000000000
98 0.0000000000
98 0.0000000000
98 0.0000000000
99 0.0082558953
99 0.0039055508
99 0.0018301993
99 0.0039055508
100 0.0000000000
100 0.0000000000
100 0.0007390983
100 0.0000000000
101 0.0017466660
101 0.0022674590
101 0.0037662600
101 0.0022674590
102 0.0000000000
102 0.0000000000
102 0.0000000000
102 0.0000000000
103 0.0005316634
103 0.0008502971
103 0.0000000000
103 0.0008502971
104 0.0000000000
104 0.0000000000
104 0.0000000000
104 0.0000000000
105 0.0000000000
105 0.0024890403
105 0.0015949903
105 0.0024890403
106 0.0111188209
106 0.0028819162
106 0.0000000000
106 0.0028819162
107 0.0000000000
107 0.0000000000
107 0.0000000000
107 0.0000000000
108 0.0042533075
108 0.0000000000
108 0.0000000000
108 0.0000000000
109 0.0049366048
109 0.0033202042
109 0.0009889347
109 0.0032527869
110 0.0000000000
110 0.0000000000
110 0.0000000000
110 0.0000000000
111 0.0000000000
111 0.0000000000
111 0.0000000000
111 0.0000000000
112 0.0000000000
112 0.0011337295
112 0.0011337295
112 0.0011337295
113 0.0034639725
113 0.0010633269
113 0.0000000000
113 0.0010633269
114 0.0000000000
114 0.0000000000
114 0.0000000000
114 0.0000000000
115 0.0000000000
115 0.0000000000
115 0.0000000000
115 0.0000000000
116 0.0013604754
116 0.0000000000
116 0.0000000000
116 0.0000000000
117 0.0010271618
117 0.0001511792
117 0.0000000000
117 0.0001511792
118 0.0000000000
118 0.0000000000
118 0.0000000000
118 0.0000000000
89 0.0000000000
89 0.0000000000
89 0.0000000000
89 0.0000000000
90 0.0019829615
90 0.0020609394
90 0.0002771619
90 0.0020609394
91 0.0021163096
91 0.0001847746
91 0.0001847746
91 0.0001231831
92 0.0000000000
92 0.0000000000
92 0.0000000000
92 0.0000000000
93 0.0017411828
93 0.0005768786
93 0.0000000000
93 0.0005768786
94 0.0003695492
94 0.0000000000
94 0.0000000000
94 0.0000000000
95 0.0075325200
95 0.0045349181
95 0.0000000000
89 0.0000000000
89 0.0000000000
89 0.0000000000
89 0.0000000000
89 0.0000000000
89 0.0000000000
89 0.0000000000
89 0.0000000000
90 0.0020598165
90 0.0028318904
90 0.0002771619
90 0.0030254074
91 0.0019262762
91 0.0011337295
91 0.0001231831
91 0.0010721380
92 0.0000000000
92 0.0000000000
92 0.0000000000
92 0.0000000000
93 0.0017411828
93 0.0004124302
93 0.0000000000
93 0.0004124302
94 0.0001847746
94 0.0000000000
94 0.0000000000
94 0.0000000000
95 0.0075325200
95 0.0045349181
95 0.0000000000
95 0.0045349181
96 0.0014177692
96 0.0000000000
96 0.0000000000
96 0.0000000000
97 0.0000000000
97 0.0000000000
97 0.0000000000
97 0.0000000000
98 0.0000000000
98 0.0000000000
98 0.0000000000
98 0.0000000000
99 0.0083370803
99 0.0035990276
99 0.0016025437
99 0.0037905485
100 0.0000000000
89 0.0000000000
89 0.0000000000
89 0.0000000000
89 0.0000000000
90 0.0019640560
90 0.0029926440
90 0.0000000000
90 0.0031223124
91 0.0019471024
91 0.0007088846
91 0.0000000000
91 0.0006100664
92 0.0000000000
92 0.0000000000
92 0.0000000000
92 0.0000000000
93 0.0017411828
93 0.0020475784
93 0.0000000000
93 0.0020475784
94 0.0003695492
94 0.0000000000
94 0.0000000000
94 0.0000000000
95 0.0075325200
95 0.0075325200
95 0.0000000000
95 0.0075325200
96 0.0014177692
96 0.0003695492
96 0.0011110059
96 0.0003695492
97 0.0000000000
97 0.0000000000
97 0.0000000000
97 0.0000000000
98 0.0000000000
98 0.0000000000
98 0.0000000000
98 0.0000000000
99 0.0082933653
99 0.0044780737
99 0.0036043524
99 0.0044298119
100 0.0000000000
100 0.0000000000
100 0.0025505726
100 0.0000000000
101 0.0017466660
101 0.0003695492
101 0.0001475762
101 0.0003695492
102 0.0000000000
102 0.0000000000
102 0.0000000000
102 0.0000000000
103 0.0005316634
103 0.0001385809
103 0.0000000000
103 0.0001385809
104 0.0000000000
89 0.0000000000
89 0.0000000000
89 0.0000000000
89 0.0000000000
90 0.0019536052
90 0.0012819567
90 0.0002771619
90 0.0013957845
91 0.0021032950
91 0.0003365450
91 0.0004427896
91 0.0004124302
92 0.0000000000
92 0.0000000000
92 0.0000000000
92 0.0000000000
93 0.0017411828
93 0.0004124302
93 0.0018831300
93 0.0004124302
94 0.0003695492
94 0.0000000000
94 0.0000000000
94 0.0000000000
95 0.0075325200
95 0.0075325200
95 0.0000000000
95 0.0075325200
96 0.0014177692
96 0.0000000000
96 0.0000000000
96 0.0000000000
97 0.0000000000
97 0.0000000000
97 0.0000000000
97 0.0000000000
98 0.0000000000
98 0.0000000000
98 0.0000000000
98 0.0000000000
99 0.0082184253
99 0.0036090964
99 0.0026310160
99 0.0035185169
100 0.0000000000
100 0.0000000000
100 0.0007390983
100 0.0000000000
101 0.0017466660
101 0.0008248604
101 0.0022674590
101 0.0008248604
102 0.0000000000
102 0.0000000000
102 0.0000000000
102 0.0000000000
103 0.0005316634
103 0.0003093226
103 0.0000000000
103 0.0003093226
104 0.0000000000
104 0.0000000000
104 0.0000000000
104 0.0000000000
105 0.0000000000
105 0.0000000000
105 0.0015949903
105 0.0000000000
106 0.0111188209
106 0.0084590032
106 0.0012372905
106 0.0084590032
107 0.0000000000
107 0.0000000000
107 0.0000000000
107 0.0000000000
108 0.0042533075
108 0.0000000000
108 0.0142068193
108 0.0000000000
109 0.0049366048
109 0.0038481732
109 0.0032282228
109 0.0038481732
110 0.0000000000
110 0.0000000000
110 0.0000000000
110 0.0000000000
111 0.0000000000
111 0.0000000000
111 0.0000000000
111 0.0000000000
112 0.0000000000
112 0.0024032775
112 0.0000000000
112 0.0024032775
113 0.0034639725
113 0.0023407405
113 0.0084740850
113 0.0023407405
114 0.0000000000
114 0.0000000000
114 0.0000000000
114 0.0000000000
115 0.0000000000
115 0.0000000000
115 0.0000000000
115 0.0000000000
116 0.0013604754
116 0.0000000000
116 0.0020407131
116 0.0000000000
117 0.0014282618
117 0.0005799965
117 0.0008156549
117 0.0004991453
118 0.0000000000
118 0.0000000000
118 0.0008506615
118 0.0000000000
89 0.0000000000
89 0.0000000000
89 0.0000000000
89 0.0000000000
90 0.0020409110
90 0.0031348954
90 0.0012545250
90 0.0031348954
91 0.0021260951
91 0.0018215385
91 0.0000000000
91 0.0018072448
92 0.0000000000
92 0.0000000000
92 0.0000000000
92 0.0000000000
93 0.0017411828
93 0.0011337295
93 0.0000000000
93 0.0011337295
94 0.0003695492
94 0.0000000000
94 0.0000000000
94 0.0000000000
95 0.0075325200
95 0.0075325200
95 0.0028355383
95 0.0075325200
96 0.0014177692
96 0.0000000000
96 0.0003695492
96 0.0000000000
97 0.0000000000
97 0.0000000000
97 0.0000000000
97 0.0000000000
98 0.0000000000
98 0.0000000000
98 0.0000000000
98 0.0000000000
99 0.0084619804
99 0.0030272783
99 0.0021266537
99 0.0031100323
100 0.0000000000
100 0.0000000000
100 0.0007390983
100 0.0000000000
101 0.0017466660
101 0.0025963558
101 0.0008248604
101 0.0025963558
102 0.0000000000
102 0.0000000000
102 0.0000000000
102 0.0000000000
103 0.0005316634
103 0.0008502971
103 0.0000000000
103 0.0008502971
104 0.0000000000
104 0.0000000000
104 0.0017571046
104 0.0000000000
105 0.0000000000
105 0.0042370425
105 0.0033332848
105 0.0042370425
106 0.0111188209
106 0.0095209038
106 0.0000000000
106 0.0095209038
107 0.0000000000
107 0.0000000000
107 0.0000000000
107 0.0000000000
108 0.0042533075
108 0.0011086475
108 0.0005543237
108 0.0011086475
109 0.0049366048
109 0.0049906144
109 0.0000000000
109 0.0048256303
110 0.0000000000
110 0.0000000000
110 0.0000000000
110 0.0000000000
111 0.0000000000
111 0.0000000000
111 0.0000000000
111 0.0000000000
112 0.0000000000
112 0.0013644086
112 0.0000000000
112 0.0014080615
113 0.0034639725
113 0.0006186453
113 0.0000000000
113 0.0006186453
114 0.0000000000
114 0.0000000000
114 0.0000000000
114 0.0000000000
115 0.0000000000
115 0.0000000000
115 0.0000000000
115 0.0000000000
116 0.0013604754
116 0.0000000000
116 0.0020407131
116 0.0000000000
117 0.0013123950
117 0.0006687910
117 0.0002249619
117 0.0009275969
118 0.0000000000
118 0.0000000000
118 0.0008506615
118 0.0000000000
89 0.0000000000
89 0.0000000000
89 0.0000000000
89 0.0000000000
89 0.0000000000
89 0.0000000000
89 0.0000000000
89 0.0000000000
89 0.0000000000
89 0.0000000000
89 0.0000000000
89 0.0000000000
89 0.0000000000
89 0.0000000000
89 0.0000000000
89 0.0000000000
89 0.0000000000
89 0.0000000000
90 0.0020409110
90 0.0024905833
90 0.0012226937
90 0.0002771619
90 0.0024905833
91 0.0022711936
91 0.0001231831
91 0.0006100664
91 0.0003554838
91 0.0001847746
92 0.0000000000
92 0.0000000000
92 0.0000000000
92 0.0000000000
92 0.0000000000
93 0.0017411828
93 0.0007088846
93 0.0004124302
93 0.0018831300
93 0.0007088846
94 0.0003695492
94 0.0000000000
94 0.0000000000
94 0.0000000000
94 0.0000000000
95 0.0075325200
95 0.0016497207
95 0.0000000000
95 0.0000000000
95 0.0016497207
96 0.0014177692
96 0.0000000000
96 0.0012941070
96 0.0000000000
96 0.0000000000
97 0.0000000000
97 0.0000000000
97 0.0000000000
97 0.0000000000
97 0.0000000000
98 0.0000000000
98 0.0000000000
98 0.0000000000
98 0.0000000000
98 0.0000000000
99 0.0079998501
99 0.0034580050
99 0.0008248604
99 0.0026310160
99 0.0028055045
100 0.0000000000
100 0.0000000000
100 0.0016497207
100 0.0007390983
100 0.0000000000
101 0.0017466660
101 0.0037662600
101 0.0000000000
101 0.0022674590
101 0.0037662600
102 0.0000000000
102 0.0000000000
102 0.0004253307
102 0.0000000000
102 0.0000000000
103 0.0005316634
103 0.0001385809
103 0.0005316634
103 0.0000000000
103 0.0001385809
104 0.0000000000
104 0.0000000000
104 0.0000000000
104 0.0000000000
104 0.0000000000
105 0.0000000000
105 0.0042370425
105 0.0015949903
105 0.0015949903
105 0.0042370425
106 0.0111188209
106 0.0084590032
106 0.0000000000
106 0.0012372905
106 0.0084590032
107 0.0000000000
107 0.0000000000
107 0.0000000000
107 0.0000000000
107 0.0000000000
108 0.0042533075
108 0.0000000000
108 0.0021266537
108 0.0142068193
108 0.0000000000
109 0.0049366048
109 0.0043802238
109 0.0000000000
109 0.0032282228
109 0.0043802238
110 0.0000000000
110 0.0000000000
110 0.0000000000
110 0.0000000000
110 0.0000000000
111 0.0000000000
111 0.0000000000
111 0.0000000000
111 0.0000000000
111 0.0000000000
112 0.0000000000
112 0.0009112055
112 0.0026383735
112 0.0000000000
112 0.0007802468
113 0.0034639725
113 0.0002771619
113 0.0022430509
113 0.0084740850
113 0.0002771619
114 0.0000000000
114 0.0000000000
114 0.0000000000
114 0.0000000000
114 0.0000000000
115 0.0000000000
115 0.0000000000
115 0.0000000000
115 0.0000000000
115 0.0000000000
116 0.0013604754
116 0.0008506615
116 0.0022319534
116 0.0020407131
116 0.0008506615
117 0.0014903497
117 0.0001511792
117 0.0001007861
117 0.0008156549
117 0.0001511792
118 0.0000000000
118 0.0000000000
89 0.0000000000
89 0.0000000000
89 0.0000000000
89 0.0000000000
